model_id,layer,module_type,component_name,lora_rank,lora_alpha,frobenius_norm,frobenius_norm_normalized,lora_A_norm,lora_B_norm,effective_scale
PT2_COREDe,0,mlp.gate_proj,L0_MLP_GATE,64,32,0.05081858113408089,0.0005293602201466759,4.616058349609375,0.08725687116384506,0.025409290567040443
PT2_COREDe,0,mlp.up_proj,L0_MLP_UP,64,32,0.04945361241698265,0.0005151417960102359,4.620114803314209,0.08496057987213135,0.024726806208491325
PT2_COREDe,0,mlp.down_proj,L0_MLP_DOWN,64,32,0.02473907172679901,0.000515397327641646,4.624068737030029,0.04274442419409752,0.012369535863399506
PT2_COREDe,0,self_attn.q_proj,L0_ATTN_Q,64,32,0.025107186287641525,0.0005547956775157881,4.6086015701293945,0.04279831424355507,0.012553593143820763
PT2_COREDe,0,self_attn.k_proj,L0_ATTN_K,64,32,0.01834614761173725,0.0005733171128667891,4.62145471572876,0.03140636906027794,0.009173073805868626
PT2_COREDe,0,self_attn.v_proj,L0_ATTN_V,64,32,0.017144514247775078,0.0005357660702429712,4.616645812988281,0.029418960213661194,0.008572257123887539
PT2_COREDe,0,self_attn.o_proj,L0_ATTN_O,64,32,0.024932583793997765,0.0005194288290416201,4.62651252746582,0.04264551028609276,0.012466291896998882
PT2_COREDe,1,mlp.gate_proj,L1_MLP_GATE,64,32,0.04988805949687958,0.0005196672864258289,4.617186069488525,0.08583444356918335,0.02494402974843979
PT2_COREDe,1,mlp.up_proj,L1_MLP_UP,64,32,0.04836738854646683,0.0005038269640256962,4.618356227874756,0.08329994231462479,0.024183694273233414
PT2_COREDe,1,mlp.down_proj,L1_MLP_DOWN,64,32,0.024959387257695198,0.0005199872345353166,4.615413665771484,0.043019894510507584,0.012479693628847599
PT2_COREDe,1,self_attn.q_proj,L1_ATTN_Q,64,32,0.024397747591137886,0.0005391191489803548,4.631348609924316,0.0416133850812912,0.012198873795568943
PT2_COREDe,1,self_attn.k_proj,L1_ATTN_K,64,32,0.017567500472068787,0.0005489843897521496,4.616762638092041,0.029939286410808563,0.008783750236034393
PT2_COREDe,1,self_attn.v_proj,L1_ATTN_V,64,32,0.016107235103845596,0.0005033510969951749,4.6077117919921875,0.027374697849154472,0.008053617551922798
PT2_COREDe,1,self_attn.o_proj,L1_ATTN_O,64,32,0.024730641394853592,0.0005152216957261165,4.621866226196289,0.04233037307858467,0.012365320697426796
PT2_COREDe,2,mlp.gate_proj,L2_MLP_GATE,64,32,0.04962819442152977,0.0005169603585576018,4.62790060043335,0.08477743715047836,0.024814097210764885
PT2_COREDe,2,mlp.up_proj,L2_MLP_UP,64,32,0.048803508281707764,0.0005083698779344559,4.611728191375732,0.08379063010215759,0.024401754140853882
PT2_COREDe,2,mlp.down_proj,L2_MLP_DOWN,64,32,0.023885471746325493,0.0004976139947151145,4.6178202629089355,0.04136580601334572,0.011942735873162746
PT2_COREDe,2,self_attn.q_proj,L2_ATTN_Q,64,32,0.022861409932374954,0.0005051705622083694,4.620010852813721,0.03932012617588043,0.011430704966187477
PT2_COREDe,2,self_attn.k_proj,L2_ATTN_K,64,32,0.016106827184557915,0.0005033383495174348,4.611797332763672,0.0277958195656538,0.008053413592278957
PT2_COREDe,2,self_attn.v_proj,L2_ATTN_V,64,32,0.016111617907881737,0.0005034880596213043,4.6181793212890625,0.02785896323621273,0.008055808953940868
PT2_COREDe,2,self_attn.o_proj,L2_ATTN_O,64,32,0.024056987836956978,0.0005011872466032704,4.610287666320801,0.04124927148222923,0.012028493918478489
PT2_COREDe,3,mlp.gate_proj,L3_MLP_GATE,64,32,0.04882742092013359,0.0005086189679180583,4.616811752319336,0.08404475450515747,0.024413710460066795
PT2_COREDe,3,mlp.up_proj,L3_MLP_UP,64,32,0.04883966222405434,0.000508746481500566,4.619603633880615,0.0834616869688034,0.02441983111202717
PT2_COREDe,3,mlp.down_proj,L3_MLP_DOWN,64,32,0.02411971427500248,0.000502494047395885,4.62052583694458,0.04170798882842064,0.01205985713750124
PT2_COREDe,3,self_attn.q_proj,L3_ATTN_Q,64,32,0.023669427260756493,0.0005230253913400826,4.6185526847839355,0.040614210069179535,0.011834713630378246
PT2_COREDe,3,self_attn.k_proj,L3_ATTN_K,64,32,0.017052872106432915,0.0005329022533260286,4.607582092285156,0.029277119785547256,0.008526436053216457
PT2_COREDe,3,self_attn.v_proj,L3_ATTN_V,64,32,0.015658676624298096,0.0004893336445093155,4.616970539093018,0.026774270460009575,0.007829338312149048
PT2_COREDe,3,self_attn.o_proj,L3_ATTN_O,64,32,0.024779178202152252,0.0005162328792115053,4.6258134841918945,0.04226840287446976,0.012389589101076126
PT2_COREDe,4,mlp.gate_proj,L4_MLP_GATE,64,32,0.0484151616692543,0.000504324600721399,4.614217281341553,0.0833241418004036,0.02420758083462715
PT2_COREDe,4,mlp.up_proj,L4_MLP_UP,64,32,0.04728884994983673,0.000492592186977466,4.61860466003418,0.08191840350627899,0.023644424974918365
PT2_COREDe,4,mlp.down_proj,L4_MLP_DOWN,64,32,0.02352403849363327,0.0004900841352840265,4.61469030380249,0.04070963338017464,0.011762019246816635
PT2_COREDe,4,self_attn.q_proj,L4_ATTN_Q,64,32,0.02343720570206642,0.0005178939713748495,4.613393783569336,0.04030719771981239,0.01171860285103321
PT2_COREDe,4,self_attn.k_proj,L4_ATTN_K,64,32,0.016498520970344543,0.000515578780323267,4.618584156036377,0.028365183621644974,0.008249260485172272
PT2_COREDe,4,self_attn.v_proj,L4_ATTN_V,64,32,0.015270678326487541,0.00047720869770273566,4.626226425170898,0.02628963068127632,0.007635339163243771
PT2_COREDe,4,self_attn.o_proj,L4_ATTN_O,64,32,0.02427573874592781,0.0005057445572068294,4.607536792755127,0.04193701967597008,0.012137869372963905
PT2_COREDe,5,mlp.gate_proj,L5_MLP_GATE,64,32,0.04795408248901367,0.0004995216925938925,4.618935585021973,0.08256012946367264,0.023977041244506836
PT2_COREDe,5,mlp.up_proj,L5_MLP_UP,64,32,0.047739170491695404,0.0004972830259551605,4.617349624633789,0.08165481686592102,0.023869585245847702
PT2_COREDe,5,mlp.down_proj,L5_MLP_DOWN,64,32,0.023526497185230255,0.0004901353580256304,4.617218017578125,0.04069831594824791,0.011763248592615128
PT2_COREDe,5,self_attn.q_proj,L5_ATTN_Q,64,32,0.021014567464590073,0.00046436072368480726,4.630892753601074,0.035948023200035095,0.010507283732295036
PT2_COREDe,5,self_attn.k_proj,L5_ATTN_K,64,32,0.01443048007786274,0.0004509525024332106,4.632943630218506,0.024689268320798874,0.00721524003893137
PT2_COREDe,5,self_attn.v_proj,L5_ATTN_V,64,32,0.015289675444364548,0.0004778023576363921,4.617062568664551,0.026243360713124275,0.007644837722182274
PT2_COREDe,5,self_attn.o_proj,L5_ATTN_O,64,32,0.024178775027394295,0.0005037244797373811,4.617321491241455,0.04187412187457085,0.012089387513697147
PT2_COREDe,6,mlp.gate_proj,L6_MLP_GATE,64,32,0.04884013533592224,0.00050875140974919,4.60966682434082,0.083415187895298,0.02442006766796112
PT2_COREDe,6,mlp.up_proj,L6_MLP_UP,64,32,0.048584479838609695,0.0005060883316521844,4.613863945007324,0.08355315774679184,0.024292239919304848
PT2_COREDe,6,mlp.down_proj,L6_MLP_DOWN,64,32,0.023943539708852768,0.0004988237439344326,4.618813991546631,0.041351787745952606,0.011971769854426384
PT2_COREDe,6,self_attn.q_proj,L6_ATTN_Q,64,32,0.021230608224868774,0.00046913459514123746,4.628247261047363,0.03622104972600937,0.010615304112434387
PT2_COREDe,6,self_attn.k_proj,L6_ATTN_K,64,32,0.015451978892087936,0.000482874340377748,4.618704319000244,0.02645084075629711,0.007725989446043968
PT2_COREDe,6,self_attn.v_proj,L6_ATTN_V,64,32,0.015311933122575283,0.0004784979100804776,4.612820148468018,0.02630619890987873,0.0076559665612876415
PT2_COREDe,6,self_attn.o_proj,L6_ATTN_O,64,32,0.02457539550960064,0.0005119874064500133,4.630148887634277,0.04187430068850517,0.01228769775480032
PT2_COREDe,7,mlp.gate_proj,L7_MLP_GATE,64,32,0.049296461045742035,0.0005135048025598129,4.6165032386779785,0.08494126796722412,0.024648230522871017
PT2_COREDe,7,mlp.up_proj,L7_MLP_UP,64,32,0.04839968681335449,0.000504163404305776,4.610300540924072,0.08279669284820557,0.024199843406677246
PT2_COREDe,7,mlp.down_proj,L7_MLP_DOWN,64,32,0.02419838309288025,0.0005041329811016718,4.61491584777832,0.04199603945016861,0.012099191546440125
PT2_COREDe,7,self_attn.q_proj,L7_ATTN_Q,64,32,0.022152917459607124,0.0004895149424610644,4.613826751708984,0.03821762278676033,0.011076458729803562
PT2_COREDe,7,self_attn.k_proj,L7_ATTN_K,64,32,0.015658719465136528,0.0004893349832855165,4.612461566925049,0.026736726984381676,0.007829359732568264
PT2_COREDe,7,self_attn.v_proj,L7_ATTN_V,64,32,0.016308384016156197,0.0005096370005048811,4.61550760269165,0.02811693213880062,0.008154192008078098
PT2_COREDe,7,self_attn.o_proj,L7_ATTN_O,64,32,0.02492089569568634,0.0005191853269934654,4.617040634155273,0.04285533353686333,0.01246044784784317
PT2_COREDe,8,mlp.gate_proj,L8_MLP_GATE,64,32,0.05072423070669174,0.0005283774031947056,4.621247291564941,0.08701293170452118,0.02536211535334587
PT2_COREDe,8,mlp.up_proj,L8_MLP_UP,64,32,0.05061978101730347,0.0005272893855969111,4.611905097961426,0.0866207554936409,0.025309890508651733
PT2_COREDe,8,mlp.down_proj,L8_MLP_DOWN,64,32,0.025322608649730682,0.0005275543468693892,4.617971897125244,0.04375438392162323,0.012661304324865341
PT2_COREDe,8,self_attn.q_proj,L8_ATTN_Q,64,32,0.02229267731308937,0.0004926032280902811,4.621873378753662,0.03831731900572777,0.011146338656544685
PT2_COREDe,8,self_attn.k_proj,L8_ATTN_K,64,32,0.01548145990818739,0.0004837956221308559,4.631624221801758,0.026537500321865082,0.007740729954093695
PT2_COREDe,8,self_attn.v_proj,L8_ATTN_V,64,32,0.016586508601903915,0.0005183283938094974,4.619655132293701,0.02838616445660591,0.008293254300951958
PT2_COREDe,8,self_attn.o_proj,L8_ATTN_O,64,32,0.026815112680196762,0.0005586481808374325,4.621576309204102,0.04520555958151817,0.013407556340098381
PT2_COREDe,9,mlp.gate_proj,L9_MLP_GATE,64,32,0.05287289619445801,0.0005507593353589376,4.6177520751953125,0.0907626524567604,0.026436448097229004
PT2_COREDe,9,mlp.up_proj,L9_MLP_UP,64,32,0.052022408694028854,0.0005419000905628005,4.625051498413086,0.08921285718679428,0.026011204347014427
PT2_COREDe,9,mlp.down_proj,L9_MLP_DOWN,64,32,0.026264654472470284,0.0005471803015097976,4.622040271759033,0.04546307399868965,0.013132327236235142
PT2_COREDe,9,self_attn.q_proj,L9_ATTN_Q,64,32,0.022257838398218155,0.0004918333895604493,4.624316692352295,0.038020458072423935,0.011128919199109077
PT2_COREDe,9,self_attn.k_proj,L9_ATTN_K,64,32,0.015410756692290306,0.00048158614663407207,4.613541603088379,0.02643660642206669,0.007705378346145153
PT2_COREDe,9,self_attn.v_proj,L9_ATTN_V,64,32,0.01653418317437172,0.0005166932241991162,4.621632099151611,0.028668109327554703,0.00826709158718586
PT2_COREDe,9,self_attn.o_proj,L9_ATTN_O,64,32,0.026320915669202805,0.0005483524097750584,4.617302894592285,0.04537125304341316,0.013160457834601402
PT2_COREDe,10,mlp.gate_proj,L10_MLP_GATE,64,32,0.05348309874534607,0.0005571156119306883,4.619309425354004,0.09249615669250488,0.026741549372673035
PT2_COREDe,10,mlp.up_proj,L10_MLP_UP,64,32,0.0534696951508522,0.0005569759911547104,4.622373104095459,0.09141813963651657,0.0267348475754261
PT2_COREDe,10,mlp.down_proj,L10_MLP_DOWN,64,32,0.027003709226846695,0.0005625772755593061,4.624525547027588,0.046610139310359955,0.013501854613423347
PT2_COREDe,10,self_attn.q_proj,L10_ATTN_Q,64,32,0.023685773834586143,0.0005233866030027112,4.623954772949219,0.04045848548412323,0.011842886917293072
PT2_COREDe,10,self_attn.k_proj,L10_ATTN_K,64,32,0.01740655116736889,0.0005439547239802778,4.619965076446533,0.02975309081375599,0.008703275583684444
PT2_COREDe,10,self_attn.v_proj,L10_ATTN_V,64,32,0.017476152628660202,0.0005461297696456313,4.61985969543457,0.029915548861026764,0.008738076314330101
PT2_COREDe,10,self_attn.o_proj,L10_ATTN_O,64,32,0.027189062908291817,0.0005664388105894128,4.6258978843688965,0.04659181088209152,0.013594531454145908
PT2_COREDe,11,mlp.gate_proj,L11_MLP_GATE,64,32,0.055110957473516464,0.0005740724736824632,4.613644123077393,0.094671830534935,0.027555478736758232
PT2_COREDe,11,mlp.up_proj,L11_MLP_UP,64,32,0.05401551350951195,0.0005626615990574161,4.625317573547363,0.09272635728120804,0.027007756754755974
PT2_COREDe,11,mlp.down_proj,L11_MLP_DOWN,64,32,0.02809184417128563,0.0005852467535684506,4.61749792098999,0.04857127368450165,0.014045922085642815
PT2_COREDe,11,self_attn.q_proj,L11_ATTN_Q,64,32,0.023937523365020752,0.0005289495342567998,4.6218061447143555,0.041098326444625854,0.011968761682510376
PT2_COREDe,11,self_attn.k_proj,L11_ATTN_K,64,32,0.017508726567029953,0.000547147705219686,4.622930526733398,0.029973015189170837,0.008754363283514977
PT2_COREDe,11,self_attn.v_proj,L11_ATTN_V,64,32,0.018282515928149223,0.0005713286227546632,4.6267852783203125,0.03129889443516731,0.009141257964074612
PT2_COREDe,11,self_attn.o_proj,L11_ATTN_O,64,32,0.02797563374042511,0.0005828257029255232,4.614664554595947,0.04807364568114281,0.013987816870212555
PT2_COREDe,12,mlp.gate_proj,L12_MLP_GATE,64,32,0.0568431094288826,0.000592115723217527,4.621687889099121,0.09674442559480667,0.0284215547144413
PT2_COREDe,12,mlp.up_proj,L12_MLP_UP,64,32,0.05718565732240677,0.0005956839304417372,4.616052150726318,0.0976361632347107,0.028592828661203384
PT2_COREDe,12,mlp.down_proj,L12_MLP_DOWN,64,32,0.02930423989892006,0.0006105049978941679,4.620201587677002,0.05052607133984566,0.01465211994946003
PT2_COREDe,12,self_attn.q_proj,L12_ATTN_Q,64,32,0.024574821814894676,0.0005430319734925976,4.623239517211914,0.04177265241742134,0.012287410907447338
PT2_COREDe,12,self_attn.k_proj,L12_ATTN_K,64,32,0.018042458221316338,0.0005638268194161355,4.61427116394043,0.03093193843960762,0.009021229110658169
PT2_COREDe,12,self_attn.v_proj,L12_ATTN_V,64,32,0.018069211393594742,0.0005646628560498357,4.625585079193115,0.031060276553034782,0.009034605696797371
PT2_COREDe,12,self_attn.o_proj,L12_ATTN_O,64,32,0.02888891100883484,0.0006018523126840591,4.615957736968994,0.049289725720882416,0.01444445550441742
PT2_COREDe,13,mlp.gate_proj,L13_MLP_GATE,64,32,0.06021920219063759,0.0006272833561524749,4.616092681884766,0.10220616310834885,0.030109601095318794
PT2_COREDe,13,mlp.up_proj,L13_MLP_UP,64,32,0.05815446376800537,0.0006057756642500559,4.621098518371582,0.09944605827331543,0.029077231884002686
PT2_COREDe,13,mlp.down_proj,L13_MLP_DOWN,64,32,0.028950756415724754,0.0006031407586609324,4.620121955871582,0.05011242255568504,0.014475378207862377
PT2_COREDe,13,self_attn.q_proj,L13_ATTN_Q,64,32,0.025339528918266296,0.0005599297728180849,4.624062538146973,0.0435032844543457,0.012669764459133148
PT2_COREDe,13,self_attn.k_proj,L13_ATTN_K,64,32,0.01822875626385212,0.0005696486332453787,4.619699001312256,0.031123902648687363,0.00911437813192606
PT2_COREDe,13,self_attn.v_proj,L13_ATTN_V,64,32,0.01953105442225933,0.0006103454506956041,4.6254096031188965,0.033681854605674744,0.009765527211129665
PT2_COREDe,13,self_attn.o_proj,L13_ATTN_O,64,32,0.03008045069873333,0.000626676056223611,4.624438285827637,0.05097302421927452,0.015040225349366665
PT2_COREDe,14,mlp.gate_proj,L14_MLP_GATE,64,32,0.06189132481813431,0.000644701300188899,4.609328269958496,0.10589947551488876,0.030945662409067154
PT2_COREDe,14,mlp.up_proj,L14_MLP_UP,64,32,0.061838630586862564,0.000644152401946485,4.621740818023682,0.1053737998008728,0.030919315293431282
PT2_COREDe,14,mlp.down_proj,L14_MLP_DOWN,64,32,0.03225036710500717,0.0006718826480209827,4.620349884033203,0.055853161960840225,0.016125183552503586
PT2_COREDe,14,self_attn.q_proj,L14_ATTN_Q,64,32,0.02430533803999424,0.0005370771670972274,4.623452186584473,0.04132508859038353,0.01215266901999712
PT2_COREDe,14,self_attn.k_proj,L14_ATTN_K,64,32,0.01748824492096901,0.0005465076537802815,4.608152389526367,0.02999710477888584,0.008744122460484505
PT2_COREDe,14,self_attn.v_proj,L14_ATTN_V,64,32,0.01971099153161049,0.0006159684853628278,4.628088474273682,0.03387414291501045,0.009855495765805244
PT2_COREDe,14,self_attn.o_proj,L14_ATTN_O,64,32,0.03117327019572258,0.0006494431290775537,4.62214994430542,0.05354391783475876,0.01558663509786129
PT2_COREDe,15,mlp.gate_proj,L15_MLP_GATE,64,32,0.06546388566493988,0.000681915475676457,4.616749286651611,0.113025963306427,0.03273194283246994
PT2_COREDe,15,mlp.up_proj,L15_MLP_UP,64,32,0.06468238681554794,0.0006737748626619577,4.62438440322876,0.11076480895280838,0.03234119340777397
PT2_COREDe,15,mlp.down_proj,L15_MLP_DOWN,64,32,0.03425803408026695,0.0007137090433388948,4.619577884674072,0.0592951625585556,0.017129017040133476
PT2_COREDe,15,self_attn.q_proj,L15_ATTN_Q,64,32,0.029802748933434486,0.0006585539334009897,4.622830867767334,0.05182601511478424,0.014901374466717243
PT2_COREDe,15,self_attn.k_proj,L15_ATTN_K,64,32,0.019014572724699974,0.0005942053976468742,4.633010387420654,0.03223554417490959,0.009507286362349987
PT2_COREDe,15,self_attn.v_proj,L15_ATTN_V,64,32,0.02030232548713684,0.0006344476714730263,4.6186652183532715,0.03477891907095909,0.01015116274356842
PT2_COREDe,15,self_attn.o_proj,L15_ATTN_O,64,32,0.03166225925087929,0.0006596304010599852,4.621435642242432,0.05411431938409805,0.015831129625439644
PT2_COREDe,16,mlp.gate_proj,L16_MLP_GATE,64,32,0.07160385698080063,0.0007458735102166733,4.6131367683410645,0.12382787466049194,0.035801928490400314
PT2_COREDe,16,mlp.up_proj,L16_MLP_UP,64,32,0.07114730030298233,0.0007411177114893993,4.6211748123168945,0.1200936883687973,0.035573650151491165
PT2_COREDe,16,mlp.down_proj,L16_MLP_DOWN,64,32,0.03526071459054947,0.0007345982206364473,4.614846706390381,0.06086793541908264,0.017630357295274734
PT2_COREDe,16,self_attn.q_proj,L16_ATTN_Q,64,32,0.02770182117819786,0.0006121295501975257,4.612859725952148,0.047591887414455414,0.01385091058909893
PT2_COREDe,16,self_attn.k_proj,L16_ATTN_K,64,32,0.019023938104510307,0.0005944980657659471,4.620351314544678,0.03236392140388489,0.009511969052255154
PT2_COREDe,16,self_attn.v_proj,L16_ATTN_V,64,32,0.02256534807384014,0.0007051671273075044,4.616856575012207,0.0384443923830986,0.01128267403692007
PT2_COREDe,16,self_attn.o_proj,L16_ATTN_O,64,32,0.03616505488753319,0.0007534386434902748,4.617197036743164,0.06157776340842247,0.018082527443766594
PT2_COREDe,17,mlp.gate_proj,L17_MLP_GATE,64,32,0.08162453770637512,0.0008502556011080742,4.621120929718018,0.13926789164543152,0.04081226885318756
PT2_COREDe,17,mlp.up_proj,L17_MLP_UP,64,32,0.0760476291179657,0.0007921628033121427,4.618296146392822,0.13092343509197235,0.03802381455898285
PT2_COREDe,17,mlp.down_proj,L17_MLP_DOWN,64,32,0.036348648369312286,0.000757263507694006,4.625382900238037,0.06264416873455048,0.018174324184656143
PT2_COREDe,17,self_attn.q_proj,L17_ATTN_Q,64,32,0.0265932809561491,0.0005876340405653782,4.626097679138184,0.045555587857961655,0.01329664047807455
PT2_COREDe,17,self_attn.k_proj,L17_ATTN_K,64,32,0.01829681359231472,0.000571775424759835,4.610281944274902,0.031336866319179535,0.00914840679615736
PT2_COREDe,17,self_attn.v_proj,L17_ATTN_V,64,32,0.023094115778803825,0.0007216911180876195,4.621208667755127,0.039731528609991074,0.011547057889401913
PT2_COREDe,17,self_attn.o_proj,L17_ATTN_O,64,32,0.03778045251965523,0.0007870927608261505,4.618181228637695,0.06350858509540558,0.018890226259827614
PT2_COREDe,18,mlp.gate_proj,L18_MLP_GATE,64,32,0.0874992311000824,0.0009114503239591917,4.624399662017822,0.14913718402385712,0.0437496155500412
PT2_COREDe,18,mlp.up_proj,L18_MLP_UP,64,32,0.08323592692613602,0.0008670409054805835,4.632507801055908,0.14240673184394836,0.04161796346306801
PT2_COREDe,18,mlp.down_proj,L18_MLP_DOWN,64,32,0.03912518545985222,0.0008151080304135879,4.623673439025879,0.0673631951212883,0.01956259272992611
PT2_COREDe,18,self_attn.q_proj,L18_ATTN_Q,64,32,0.03581530228257179,0.000791413847320392,4.621307373046875,0.06113253906369209,0.017907651141285896
PT2_COREDe,18,self_attn.k_proj,L18_ATTN_K,64,32,0.025937041267752647,0.0008105325396172702,4.6152215003967285,0.04423249512910843,0.012968520633876324
PT2_COREDe,18,self_attn.v_proj,L18_ATTN_V,64,32,0.027814876288175583,0.000869214884005487,4.619375228881836,0.04723551869392395,0.013907438144087791
PT2_COREDe,18,self_attn.o_proj,L18_ATTN_O,64,32,0.03882639855146408,0.0008088833031555017,4.614160537719727,0.06709898263216019,0.01941319927573204
PT2_COREDe,19,mlp.gate_proj,L19_MLP_GATE,64,32,0.09017534554004669,0.000939326516042153,4.616457939147949,0.1538969725370407,0.045087672770023346
PT2_COREDe,19,mlp.up_proj,L19_MLP_UP,64,32,0.08163922280073166,0.0008504085708409548,4.61937141418457,0.13962987065315247,0.04081961140036583
PT2_COREDe,19,mlp.down_proj,L19_MLP_DOWN,64,32,0.04228672385215759,0.0008809734135866165,4.624938488006592,0.07223322242498398,0.021143361926078796
PT2_COREDe,19,self_attn.q_proj,L19_ATTN_Q,64,32,0.03767703101038933,0.0008325526288256916,4.628179550170898,0.06403124332427979,0.018838515505194664
PT2_COREDe,19,self_attn.k_proj,L19_ATTN_K,64,32,0.026584867388010025,0.0008307771058753133,4.6254119873046875,0.04546789452433586,0.013292433694005013
PT2_COREDe,19,self_attn.v_proj,L19_ATTN_V,64,32,0.025785958394408226,0.0008058111998252571,4.617121696472168,0.04468103125691414,0.012892979197204113
PT2_COREDe,19,self_attn.o_proj,L19_ATTN_O,64,32,0.03767497465014458,0.0007848953052113453,4.614276885986328,0.0656673014163971,0.01883748732507229
PT2_COREDe,20,mlp.gate_proj,L20_MLP_GATE,64,32,0.09145306795835495,0.0009526361245661974,4.622324466705322,0.15705135464668274,0.045726533979177475
PT2_COREDe,20,mlp.up_proj,L20_MLP_UP,64,32,0.08591709285974503,0.0008949697172890106,4.61550235748291,0.14869804680347443,0.04295854642987251
PT2_COREDe,20,mlp.down_proj,L20_MLP_DOWN,64,32,0.044005148112773895,0.0009167739190161228,4.627017498016357,0.07456813007593155,0.022002574056386948
PT2_COREDe,20,self_attn.q_proj,L20_ATTN_Q,64,32,0.0368252769112587,0.000813731344469482,4.62085485458374,0.06297312676906586,0.01841263845562935
PT2_COREDe,20,self_attn.k_proj,L20_ATTN_K,64,32,0.025336304679512978,0.0007917595212347806,4.6226701736450195,0.04336676746606827,0.012668152339756489
PT2_COREDe,20,self_attn.v_proj,L20_ATTN_V,64,32,0.028404975309967995,0.0008876554784364998,4.630760669708252,0.04847239702939987,0.014202487654983997
PT2_COREDe,20,self_attn.o_proj,L20_ATTN_O,64,32,0.0400208905339241,0.0008337685527900854,4.624394416809082,0.06825196743011475,0.02001044526696205
PT2_COREDe,21,mlp.gate_proj,L21_MLP_GATE,64,32,0.09060167521238327,0.0009437674501289924,4.612636566162109,0.15414364635944366,0.045300837606191635
PT2_COREDe,21,mlp.up_proj,L21_MLP_UP,64,32,0.08678377419710159,0.000903997647886475,4.624238014221191,0.14847899973392487,0.043391887098550797
PT2_COREDe,21,mlp.down_proj,L21_MLP_DOWN,64,32,0.04195523262023926,0.0008740673462549845,4.627697944641113,0.07135920971632004,0.02097761631011963
PT2_COREDe,21,self_attn.q_proj,L21_ATTN_Q,64,32,0.035199444741010666,0.0007778051896990562,4.623246192932129,0.06042326241731644,0.017599722370505333
PT2_COREDe,21,self_attn.k_proj,L21_ATTN_K,64,32,0.024597255513072014,0.0007686642347835004,4.612547874450684,0.04199656844139099,0.012298627756536007
PT2_COREDe,21,self_attn.v_proj,L21_ATTN_V,64,32,0.02537684142589569,0.0007930262945592403,4.6235175132751465,0.04363720864057541,0.012688420712947845
PT2_COREDe,21,self_attn.o_proj,L21_ATTN_O,64,32,0.0395200215280056,0.00082333378183345,4.622855186462402,0.0676840990781784,0.0197600107640028
PT2_COREDe,22,mlp.gate_proj,L22_MLP_GATE,64,32,0.0977722778916359,0.001018461228037874,4.627351760864258,0.1659233123064041,0.04888613894581795
PT2_COREDe,22,mlp.up_proj,L22_MLP_UP,64,32,0.08958084881305695,0.0009331338418026766,4.619730472564697,0.15278156101703644,0.04479042440652847
PT2_COREDe,22,mlp.down_proj,L22_MLP_DOWN,64,32,0.04794541746377945,0.0009988628638287385,4.630324840545654,0.08004248142242432,0.023972708731889725
PT2_COREDe,22,self_attn.q_proj,L22_ATTN_Q,64,32,0.036041874438524246,0.0007964204319423307,4.621079921722412,0.06159647926688194,0.018020937219262123
PT2_COREDe,22,self_attn.k_proj,L22_ATTN_K,64,32,0.025995226576924324,0.0008123508305288851,4.631701469421387,0.04383629187941551,0.012997613288462162
PT2_COREDe,22,self_attn.v_proj,L22_ATTN_V,64,32,0.026487018913030624,0.000827719341032207,4.620885848999023,0.04597887024283409,0.013243509456515312
PT2_COREDe,22,self_attn.o_proj,L22_ATTN_O,64,32,0.0369865819811821,0.0007705537912746271,4.62691593170166,0.06355822086334229,0.01849329099059105
PT2_COREDe,23,mlp.gate_proj,L23_MLP_GATE,64,32,0.0926562026143074,0.0009651687772323688,4.62495231628418,0.1574348509311676,0.0463281013071537
PT2_COREDe,23,mlp.up_proj,L23_MLP_UP,64,32,0.08658288419246674,0.0009019050436715285,4.626358985900879,0.14879566431045532,0.04329144209623337
PT2_COREDe,23,mlp.down_proj,L23_MLP_DOWN,64,32,0.04502023383975029,0.0009379215383281311,4.631546974182129,0.0753655880689621,0.022510116919875145
PT2_COREDe,23,self_attn.q_proj,L23_ATTN_Q,64,32,0.03555399179458618,0.0007856396467563361,4.617354869842529,0.061575327068567276,0.01777699589729309
PT2_COREDe,23,self_attn.k_proj,L23_ATTN_K,64,32,0.0267582256346941,0.0008361945510841906,4.614912509918213,0.046065036207437515,0.01337911281734705
PT2_COREDe,23,self_attn.v_proj,L23_ATTN_V,64,32,0.026381373405456543,0.000824417918920517,4.614657878875732,0.04522698000073433,0.013190686702728271
PT2_COREDe,23,self_attn.o_proj,L23_ATTN_O,64,32,0.038286786526441574,0.0007976413859675328,4.6215667724609375,0.06598523259162903,0.019143393263220787
PT2_COREDe,24,mlp.gate_proj,L24_MLP_GATE,64,32,0.09099758416414261,0.0009478915017098188,4.629419326782227,0.15586736798286438,0.045498792082071304
PT2_COREDe,24,mlp.up_proj,L24_MLP_UP,64,32,0.08877838402986526,0.0009247748336444298,4.62193489074707,0.15129533410072327,0.04438919201493263
PT2_COREDe,24,mlp.down_proj,L24_MLP_DOWN,64,32,0.0434889979660511,0.0009060207909593979,4.627640247344971,0.07327987998723984,0.02174449898302555
PT2_COREDe,24,self_attn.q_proj,L24_ATTN_Q,64,32,0.04410749673843384,0.0009746471889034403,4.623522758483887,0.07605452090501785,0.02205374836921692
PT2_COREDe,24,self_attn.k_proj,L24_ATTN_K,64,32,0.03289040923118591,0.0010278252884745598,4.614851951599121,0.056318942457437515,0.016445204615592957
PT2_COREDe,24,self_attn.v_proj,L24_ATTN_V,64,32,0.02480180189013481,0.0007750563090667129,4.6160736083984375,0.0427311509847641,0.012400900945067406
PT2_COREDe,24,self_attn.o_proj,L24_ATTN_O,64,32,0.036327652633190155,0.0007568260965247949,4.614123821258545,0.06284008175134659,0.018163826316595078
PT2_COREDe,25,mlp.gate_proj,L25_MLP_GATE,64,32,0.08237095177173615,0.0008580307476222515,4.6270012855529785,0.14157766103744507,0.04118547588586807
PT2_COREDe,25,mlp.up_proj,L25_MLP_UP,64,32,0.07489871978759766,0.0007801949977874756,4.621779918670654,0.12782932817935944,0.03744935989379883
PT2_COREDe,25,mlp.down_proj,L25_MLP_DOWN,64,32,0.03143446892499924,0.0006548847692708174,4.619420528411865,0.05317036807537079,0.01571723446249962
PT2_COREDe,25,self_attn.q_proj,L25_ATTN_Q,64,32,0.042390353977680206,0.000936703336078619,4.619021415710449,0.07276228070259094,0.021195176988840103
PT2_COREDe,25,self_attn.k_proj,L25_ATTN_K,64,32,0.03169632703065872,0.000990510219708085,4.62792444229126,0.05439707264304161,0.01584816351532936
PT2_COREDe,25,self_attn.v_proj,L25_ATTN_V,64,32,0.02630406990647316,0.0008220021845772862,4.628523826599121,0.044357314705848694,0.01315203495323658
PT2_COREDe,25,self_attn.o_proj,L25_ATTN_O,64,32,0.03624984622001648,0.0007552051295836767,4.624149322509766,0.061206068843603134,0.01812492311000824
PT3_COREDe,0,mlp.gate_proj,L0_MLP_GATE,64,32,0.05902869999408722,0.0006148822916050752,4.614408016204834,0.10123550891876221,0.02951434999704361
PT3_COREDe,0,mlp.up_proj,L0_MLP_UP,64,32,0.05680783465504646,0.000591748277656734,4.618823051452637,0.09765245765447617,0.02840391732752323
PT3_COREDe,0,mlp.down_proj,L0_MLP_DOWN,64,32,0.02954607829451561,0.0006155432978024086,4.62414026260376,0.0510292612016201,0.014773039147257805
PT3_COREDe,0,self_attn.q_proj,L0_ATTN_Q,64,32,0.027617450803518295,0.0006102652106954266,4.60690975189209,0.04739648848772049,0.013808725401759148
PT3_COREDe,0,self_attn.k_proj,L0_ATTN_K,64,32,0.018855711445212364,0.0005892409826628864,4.618887901306152,0.032411761581897736,0.009427855722606182
PT3_COREDe,0,self_attn.v_proj,L0_ATTN_V,64,32,0.01982535421848297,0.0006195423193275928,4.614999294281006,0.034171633422374725,0.009912677109241486
PT3_COREDe,0,self_attn.o_proj,L0_ATTN_O,64,32,0.0307129118591547,0.0006398523303990563,4.6258158683776855,0.052529316395521164,0.01535645592957735
PT3_COREDe,1,mlp.gate_proj,L1_MLP_GATE,64,32,0.05985620990395546,0.000623502186499536,4.616400241851807,0.10288884490728378,0.02992810495197773
PT3_COREDe,1,mlp.up_proj,L1_MLP_UP,64,32,0.058174602687358856,0.000605985444659988,4.617875576019287,0.10010625422000885,0.029087301343679428
PT3_COREDe,1,mlp.down_proj,L1_MLP_DOWN,64,32,0.030312664806842804,0.0006315138501425585,4.615434169769287,0.052314210683107376,0.015156332403421402
PT3_COREDe,1,self_attn.q_proj,L1_ATTN_Q,64,32,0.028259340673685074,0.0006244491069444854,4.63026762008667,0.04834222421050072,0.014129670336842537
PT3_COREDe,1,self_attn.k_proj,L1_ATTN_K,64,32,0.02031216025352478,0.0006347550079226494,4.615734100341797,0.034660980105400085,0.01015608012676239
PT3_COREDe,1,self_attn.v_proj,L1_ATTN_V,64,32,0.019194500520825386,0.0005998281412757933,4.607264518737793,0.03269186615943909,0.009597250260412693
PT3_COREDe,1,self_attn.o_proj,L1_ATTN_O,64,32,0.031287793070077896,0.0006518290222932895,4.621503829956055,0.05348934978246689,0.015643896535038948
PT3_COREDe,2,mlp.gate_proj,L2_MLP_GATE,64,32,0.06214325502514839,0.000647325573178629,4.627583980560303,0.10616623610258102,0.031071627512574196
PT3_COREDe,2,mlp.up_proj,L2_MLP_UP,64,32,0.06120085343718529,0.0006375088899706801,4.611350059509277,0.10498350858688354,0.030600426718592644
PT3_COREDe,2,mlp.down_proj,L2_MLP_DOWN,64,32,0.02947365678846836,0.0006140345164264241,4.617742538452148,0.051015447825193405,0.01473682839423418
PT3_COREDe,2,self_attn.q_proj,L2_ATTN_Q,64,32,0.028221681714057922,0.0006236169536405858,4.619509220123291,0.04851425066590309,0.014110840857028961
PT3_COREDe,2,self_attn.k_proj,L2_ATTN_K,64,32,0.019824497401714325,0.0006195155438035727,4.611998558044434,0.034197524189949036,0.009912248700857162
PT3_COREDe,2,self_attn.v_proj,L2_ATTN_V,64,32,0.02047567069530487,0.0006398647092282772,4.618095874786377,0.03544106334447861,0.010237835347652435
PT3_COREDe,2,self_attn.o_proj,L2_ATTN_O,64,32,0.030351601541042328,0.0006323250321050485,4.60954475402832,0.05202144756913185,0.015175800770521164
PT3_COREDe,3,mlp.gate_proj,L3_MLP_GATE,64,32,0.061723411083221436,0.0006429521987835566,4.616158962249756,0.10611952096223831,0.030861705541610718
PT3_COREDe,3,mlp.up_proj,L3_MLP_UP,64,32,0.061223745346069336,0.0006377473473548889,4.61912202835083,0.10449933260679245,0.030611872673034668
PT3_COREDe,3,mlp.down_proj,L3_MLP_DOWN,64,32,0.029826393350958824,0.0006213831948116422,4.620213031768799,0.05156606063246727,0.014913196675479412
PT3_COREDe,3,self_attn.q_proj,L3_ATTN_Q,64,32,0.031104860827326775,0.0006873268130895802,4.619329929351807,0.05314943194389343,0.015552430413663387
PT3_COREDe,3,self_attn.k_proj,L3_ATTN_K,64,32,0.02139059267938137,0.0006684560212306678,4.607605457305908,0.036790188401937485,0.010695296339690685
PT3_COREDe,3,self_attn.v_proj,L3_ATTN_V,64,32,0.019932223483920097,0.000622881983872503,4.6170830726623535,0.0341067761182785,0.009966111741960049
PT3_COREDe,3,self_attn.o_proj,L3_ATTN_O,64,32,0.031201783567667007,0.0006500371576597294,4.625154972076416,0.053300995379686356,0.015600891783833504
PT3_COREDe,4,mlp.gate_proj,L4_MLP_GATE,64,32,0.061442043632268906,0.0006400212878361344,4.61353063583374,0.10566530376672745,0.030721021816134453
PT3_COREDe,4,mlp.up_proj,L4_MLP_UP,64,32,0.05968689173460007,0.0006217384555687507,4.617751598358154,0.10344437509775162,0.029843445867300034
PT3_COREDe,4,mlp.down_proj,L4_MLP_DOWN,64,32,0.030179539695382118,0.0006287404103204608,4.614542484283447,0.05216900259256363,0.015089769847691059
PT3_COREDe,4,self_attn.q_proj,L4_ATTN_Q,64,32,0.030729154124855995,0.0006790247894316326,4.61340856552124,0.052857015281915665,0.015364577062427998
PT3_COREDe,4,self_attn.k_proj,L4_ATTN_K,64,32,0.02188279666006565,0.0006838373956270516,4.618724346160889,0.03761155903339386,0.010941398330032825
PT3_COREDe,4,self_attn.v_proj,L4_ATTN_V,64,32,0.019401470199227333,0.0006062959437258542,4.625715255737305,0.03332763537764549,0.009700735099613667
PT3_COREDe,4,self_attn.o_proj,L4_ATTN_O,64,32,0.03053051047027111,0.0006360523014639815,4.606462478637695,0.05263546481728554,0.015265255235135555
PT3_COREDe,5,mlp.gate_proj,L5_MLP_GATE,64,32,0.0611654631793499,0.0006371402414515615,4.618258476257324,0.1052379310131073,0.03058273158967495
PT3_COREDe,5,mlp.up_proj,L5_MLP_UP,64,32,0.061012689024209976,0.0006355488440021873,4.616730690002441,0.10436166077852249,0.030506344512104988
PT3_COREDe,5,mlp.down_proj,L5_MLP_DOWN,64,32,0.029923079535365105,0.0006233974903201064,4.617003917694092,0.051776278764009476,0.014961539767682552
PT3_COREDe,5,self_attn.q_proj,L5_ATTN_Q,64,32,0.02663203328847885,0.0005884903542209145,4.630679130554199,0.04559732601046562,0.013316016644239426
PT3_COREDe,5,self_attn.k_proj,L5_ATTN_K,64,32,0.01861087791621685,0.0005815899348817766,4.633079528808594,0.031784385442733765,0.009305438958108425
PT3_COREDe,5,self_attn.v_proj,L5_ATTN_V,64,32,0.02026713639497757,0.000633348012343049,4.616702079772949,0.03467414900660515,0.010133568197488785
PT3_COREDe,5,self_attn.o_proj,L5_ATTN_O,64,32,0.031039809808135033,0.0006466627043361465,4.616489410400391,0.053752601146698,0.015519904904067516
PT3_COREDe,6,mlp.gate_proj,L6_MLP_GATE,64,32,0.06243929639458656,0.0006504093374436101,4.609283447265625,0.10652679949998856,0.03121964819729328
PT3_COREDe,6,mlp.up_proj,L6_MLP_UP,64,32,0.06258810311555862,0.0006519594074537357,4.613580226898193,0.10742475092411041,0.03129405155777931
PT3_COREDe,6,mlp.down_proj,L6_MLP_DOWN,64,32,0.030213750898838043,0.0006294531437257925,4.618936538696289,0.05208801105618477,0.015106875449419022
PT3_COREDe,6,self_attn.q_proj,L6_ATTN_Q,64,32,0.028773032128810883,0.000635800191674393,4.628970146179199,0.048852868378162384,0.014386516064405441
PT3_COREDe,6,self_attn.k_proj,L6_ATTN_K,64,32,0.020641684532165527,0.0006450526416301727,4.619175434112549,0.0353744775056839,0.010320842266082764
PT3_COREDe,6,self_attn.v_proj,L6_ATTN_V,64,32,0.02036794275045395,0.0006364982109516859,4.612447738647461,0.03498271480202675,0.010183971375226974
PT3_COREDe,6,self_attn.o_proj,L6_ATTN_O,64,32,0.03191477060317993,0.0006648910542329153,4.629266262054443,0.05420147627592087,0.015957385301589966
PT3_COREDe,7,mlp.gate_proj,L7_MLP_GATE,64,32,0.06195111945271492,0.0006453241609657804,4.6158342361450195,0.10675892978906631,0.03097555972635746
PT3_COREDe,7,mlp.up_proj,L7_MLP_UP,64,32,0.060568276792764664,0.000630919549924632,4.609794616699219,0.10352246463298798,0.030284138396382332
PT3_COREDe,7,mlp.down_proj,L7_MLP_DOWN,64,32,0.0302935391664505,0.0006311153993010521,4.614889144897461,0.05244705453515053,0.01514676958322525
PT3_COREDe,7,self_attn.q_proj,L7_ATTN_Q,64,32,0.03021256811916828,0.0006676097435663871,4.61439847946167,0.05205155536532402,0.01510628405958414
PT3_COREDe,7,self_attn.k_proj,L7_ATTN_K,64,32,0.020643919706344604,0.0006451224908232689,4.612908840179443,0.035240538418293,0.010321959853172302
PT3_COREDe,7,self_attn.v_proj,L7_ATTN_V,64,32,0.02072973921895027,0.000647804350592196,4.615437030792236,0.03571091592311859,0.010364869609475136
PT3_COREDe,7,self_attn.o_proj,L7_ATTN_O,64,32,0.03160920366644859,0.0006585250763843457,4.616487979888916,0.05416931211948395,0.015804601833224297
PT3_COREDe,8,mlp.gate_proj,L8_MLP_GATE,64,32,0.06360548734664917,0.0006625571598609289,4.620467185974121,0.10911838710308075,0.031802743673324585
PT3_COREDe,8,mlp.up_proj,L8_MLP_UP,64,32,0.06358905136585236,0.0006623859517276287,4.611306190490723,0.10873976349830627,0.03179452568292618
PT3_COREDe,8,mlp.down_proj,L8_MLP_DOWN,64,32,0.0321505144238472,0.00066980238383015,4.617556571960449,0.05546359345316887,0.0160752572119236
PT3_COREDe,8,self_attn.q_proj,L8_ATTN_Q,64,32,0.02733965404331684,0.000604126711541361,4.621832370758057,0.04697485640645027,0.01366982702165842
PT3_COREDe,8,self_attn.k_proj,L8_ATTN_K,64,32,0.018503986299037933,0.0005782495718449354,4.630973815917969,0.03174201399087906,0.009251993149518967
PT3_COREDe,8,self_attn.v_proj,L8_ATTN_V,64,32,0.02075619250535965,0.000648631015792489,4.619753360748291,0.035496678203344345,0.010378096252679825
PT3_COREDe,8,self_attn.o_proj,L8_ATTN_O,64,32,0.034443486481904984,0.0007175726350396872,4.62109899520874,0.05800717696547508,0.017221743240952492
PT3_COREDe,9,mlp.gate_proj,L9_MLP_GATE,64,32,0.06616944819688797,0.0006892650853842497,4.6169610023498535,0.11346559226512909,0.033084724098443985
PT3_COREDe,9,mlp.up_proj,L9_MLP_UP,64,32,0.06529268622398376,0.0006801321481664976,4.624198913574219,0.11174958944320679,0.03264634311199188
PT3_COREDe,9,mlp.down_proj,L9_MLP_DOWN,64,32,0.03256159648299217,0.0006783665933956703,4.621789932250977,0.056388236582279205,0.016280798241496086
PT3_COREDe,9,self_attn.q_proj,L9_ATTN_Q,64,32,0.027967046946287155,0.0006179902670463179,4.624378681182861,0.04777270928025246,0.013983523473143578
PT3_COREDe,9,self_attn.k_proj,L9_ATTN_K,64,32,0.01958513632416725,0.0006120355101302266,4.613627910614014,0.03355967253446579,0.009792568162083626
PT3_COREDe,9,self_attn.v_proj,L9_ATTN_V,64,32,0.020150041207671165,0.0006296887877397239,4.621222972869873,0.034977879375219345,0.010075020603835583
PT3_COREDe,9,self_attn.o_proj,L9_ATTN_O,64,32,0.03264546021819115,0.0006801137545456489,4.616473197937012,0.05634443834424019,0.016322730109095573
PT3_COREDe,10,mlp.gate_proj,L10_MLP_GATE,64,32,0.06678644567728043,0.0006956921424716711,4.618271827697754,0.11546085774898529,0.03339322283864021
PT3_COREDe,10,mlp.up_proj,L10_MLP_UP,64,32,0.06740798056125641,0.0007021664641797543,4.6213908195495605,0.11523385345935822,0.033703990280628204
PT3_COREDe,10,mlp.down_proj,L10_MLP_DOWN,64,32,0.03426359221339226,0.0007138248377790054,4.624622821807861,0.05906936153769493,0.01713179610669613
PT3_COREDe,10,self_attn.q_proj,L10_ATTN_Q,64,32,0.028789663687348366,0.0006361677006688791,4.623643398284912,0.04917607456445694,0.014394831843674183
PT3_COREDe,10,self_attn.k_proj,L10_ATTN_K,64,32,0.02076646313071251,0.0006489519728347659,4.61952018737793,0.03538471460342407,0.010383231565356255
PT3_COREDe,10,self_attn.v_proj,L10_ATTN_V,64,32,0.020958498120307922,0.0006549530662596226,4.619534969329834,0.035910218954086304,0.010479249060153961
PT3_COREDe,10,self_attn.o_proj,L10_ATTN_O,64,32,0.03408438339829445,0.000710091320797801,4.625417709350586,0.058399394154548645,0.017042191699147224
PT3_COREDe,11,mlp.gate_proj,L11_MLP_GATE,64,32,0.06806871294975281,0.0007090490932265917,4.612752437591553,0.11702316999435425,0.034034356474876404
PT3_COREDe,11,mlp.up_proj,L11_MLP_UP,64,32,0.06660377234220505,0.0006937892952313026,4.624257564544678,0.11430177837610245,0.033301886171102524
PT3_COREDe,11,mlp.down_proj,L11_MLP_DOWN,64,32,0.03523460030555725,0.0007340541730324427,4.617125988006592,0.060897741466760635,0.017617300152778625
PT3_COREDe,11,self_attn.q_proj,L11_ATTN_Q,64,32,0.03049105405807495,0.0006737634715621998,4.621918201446533,0.05222117155790329,0.015245527029037476
PT3_COREDe,11,self_attn.k_proj,L11_ATTN_K,64,32,0.02178458869457245,0.000680768396705389,4.62251615524292,0.03724050521850586,0.010892294347286224
PT3_COREDe,11,self_attn.v_proj,L11_ATTN_V,64,32,0.022168034687638283,0.0006927510839886963,4.626875400543213,0.037959352135658264,0.011084017343819141
PT3_COREDe,11,self_attn.o_proj,L11_ATTN_O,64,32,0.03557737544178963,0.0007411953217039505,4.614165782928467,0.0612797774374485,0.017788687720894814
PT3_COREDe,12,mlp.gate_proj,L12_MLP_GATE,64,32,0.07064195722341537,0.0007358537210772435,4.620682716369629,0.12041407823562622,0.03532097861170769
PT3_COREDe,12,mlp.up_proj,L12_MLP_UP,64,32,0.0714002251625061,0.0007437523454427719,4.615172386169434,0.12228698283433914,0.03570011258125305
PT3_COREDe,12,mlp.down_proj,L12_MLP_DOWN,64,32,0.03815841302275658,0.0007949669379740953,4.619751930236816,0.06582184880971909,0.01907920651137829
PT3_COREDe,12,self_attn.q_proj,L12_ATTN_Q,64,32,0.03087657131254673,0.0006822822798403691,4.623185634613037,0.052521124482154846,0.015438285656273365
PT3_COREDe,12,self_attn.k_proj,L12_ATTN_K,64,32,0.0214857067912817,0.0006714283372275531,4.613767623901367,0.036939430981874466,0.01074285339564085
